-7.191150188446044922e-01 -5.459938049316406250e-01 -1.277208626270294189e-01 1.000000000000000000e+00
-7.259337902069091797e-01 -3.514659106731414795e-01 -6.477467715740203857e-02 1.000000000000000000e+00
-7.134059071540832520e-01 -1.326456218957901001e-01 -7.197744562290608883e-04 1.000000000000000000e+00
-6.743041872978210449e-01 7.001158595085144043e-02 -2.110354602336883545e-02 1.000000000000000000e+00
-6.059403419494628906e-01 2.735104262828826904e-01 -1.046386584639549255e-01 1.000000000000000000e+00
-5.032166242599487305e-01 4.612817168235778809e-01 -2.435310035943984985e-01 1.000000000000000000e+00
-3.653997778892517090e-01 6.116291284561157227e-01 -3.244915902614593506e-01 1.000000000000000000e+00
-1.942856609821319580e-01 7.332239151000976562e-01 -4.218960404396057129e-01 1.000000000000000000e+00
-1.498158555477857590e-02 7.884249687194824219e-01 -4.018005430698394775e-01 1.000000000000000000e+00
1.460967063903808594e-01 7.570020556449890137e-01 -3.627212941646575928e-01 1.000000000000000000e+00
3.019560575485229492e-01 6.654243469238281250e-01 -2.089504599571228027e-01 1.000000000000000000e+00
4.256270229816436768e-01 5.312405228614807129e-01 -8.392850309610366821e-02 0.000000000000000000e+00
5.039736032485961914e-01 3.533926904201507568e-01 8.661349117755889893e-02 0.000000000000000000e+00
5.665617585182189941e-01 1.566019952297210693e-01 1.931213140487670898e-01 0.000000000000000000e+00
6.351602673530578613e-01 -3.169476613402366638e-02 2.309312522411346436e-01 0.000000000000000000e+00
7.021753191947937012e-01 -2.451842129230499268e-01 1.756950169801712036e-01 1.000000000000000000e+00
7.556310296058654785e-01 -4.375678002834320068e-01 1.279949545860290527e-01 1.000000000000000000e+00
-5.071114301681518555e-01 -5.490690469741821289e-01 -5.837927460670471191e-01 1.000000000000000000e+00
-3.818215131759643555e-01 -6.959093809127807617e-01 -7.641645073890686035e-01 1.000000000000000000e+00
-2.107470184564590454e-01 -6.941512227058410645e-01 -8.886479139328002930e-01 1.000000000000000000e+00
-4.392129927873611450e-02 -6.441956162452697754e-01 -9.289157390594482422e-01 1.000000000000000000e+00
9.053069353103637695e-02 -5.711458921432495117e-01 -9.155871272087097168e-01 1.000000000000000000e+00
2.993155121803283691e-01 -5.535087585449218750e-01 -8.803556561470031738e-01 1.000000000000000000e+00
4.392579793930053711e-01 -6.018605232238769531e-01 -8.482244014739990234e-01 1.000000000000000000e+00
5.858456492424011230e-01 -6.302806138992309570e-01 -7.487744092941284180e-01 1.000000000000000000e+00
6.950209736824035645e-01 -6.153058409690856934e-01 -5.677537918090820312e-01 1.000000000000000000e+00
7.213799953460693359e-01 -4.606178402900695801e-01 -3.621770441532135010e-01 1.000000000000000000e+00
1.820851415395736694e-01 -3.981277644634246826e-01 -8.818086385726928711e-01 1.000000000000000000e+00
1.817645281553268433e-01 -2.560271918773651123e-01 -9.360501170158386230e-01 1.000000000000000000e+00
1.820731610059738159e-01 -1.374824196100234985e-01 -9.919056892395019531e-01 1.000000000000000000e+00
1.824345886707305908e-01 -1.548841502517461777e-02 -1.037892460823059082e+00 1.000000000000000000e+00
5.941732786595821381e-03 5.601399764418601990e-02 -8.104536533355712891e-01 1.000000000000000000e+00
6.692882627248764038e-02 8.835358172655105591e-02 -8.261190056800842285e-01 1.000000000000000000e+00
1.275314390659332275e-01 1.171043738722801208e-01 -8.327115178108215332e-01 1.000000000000000000e+00
1.860305666923522949e-01 9.863054752349853516e-02 -8.069038391113281250e-01 1.000000000000000000e+00
2.395527809858322144e-01 7.465454190969467163e-02 -7.697705030441284180e-01 1.000000000000000000e+00
-3.328972756862640381e-01 -4.319041073322296143e-01 -7.084421515464782715e-01 1.000000000000000000e+00
-2.193168550729751587e-01 -4.765101969242095947e-01 -7.984324097633361816e-01 1.000000000000000000e+00
-1.177322492003440857e-01 -4.617753922939300537e-01 -7.864381670951843262e-01 1.000000000000000000e+00
-3.929024562239646912e-02 -3.918763399124145508e-01 -7.273589968681335449e-01 1.000000000000000000e+00
-1.267296373844146729e-01 -3.632765710353851318e-01 -7.509818077087402344e-01 1.000000000000000000e+00
-2.243404090404510498e-01 -3.672159016132354736e-01 -7.575007081031799316e-01 1.000000000000000000e+00
3.195852935314178467e-01 -3.606410026550292969e-01 -6.703327894210815430e-01 1.000000000000000000e+00
4.234831333160400391e-01 -4.188042581081390381e-01 -6.976682543754577637e-01 1.000000000000000000e+00
5.255987644195556641e-01 -4.205676913261413574e-01 -6.733743548393249512e-01 1.000000000000000000e+00
5.905676484107971191e-01 -3.597799837589263916e-01 -5.472950339317321777e-01 1.000000000000000000e+00
4.966673254966735840e-01 -3.090891838073730469e-01 -6.343317031860351562e-01 1.000000000000000000e+00
4.039222598075866699e-01 -3.191779255867004395e-01 -6.630920767784118652e-01 1.000000000000000000e+00
-1.862585246562957764e-01 3.086665868759155273e-01 -6.134637594223022461e-01 1.000000000000000000e+00
-7.298979908227920532e-02 2.680124938488006592e-01 -7.282745242118835449e-01 1.000000000000000000e+00
4.281523451209068298e-02 2.645553350448608398e-01 -7.806337475776672363e-01 1.000000000000000000e+00
1.038645282387733459e-01 2.761498987674713135e-01 -7.777360081672668457e-01 1.000000000000000000e+00
1.639979332685470581e-01 2.750525772571563721e-01 -7.609929442405700684e-01 1.000000000000000000e+00
2.461722046136856079e-01 2.963488996028900146e-01 -6.742751002311706543e-01 1.000000000000000000e+00
2.876261174678802490e-01 3.486548364162445068e-01 -5.356240272521972656e-01 1.000000000000000000e+00
2.126734554767608643e-01 4.292325973510742188e-01 -6.033660769462585449e-01 1.000000000000000000e+00
1.190811842679977417e-01 4.601724743843078613e-01 -6.717122197151184082e-01 1.000000000000000000e+00
5.126276984810829163e-02 4.622048139572143555e-01 -6.890041232109069824e-01 1.000000000000000000e+00
-1.810088381171226501e-02 4.473133087158203125e-01 -6.917943954467773438e-01 1.000000000000000000e+00
-1.227726787328720093e-01 4.010381698608398438e-01 -6.569456458091735840e-01 1.000000000000000000e+00
-1.828282922506332397e-01 3.094296753406524658e-01 -6.072054505348205566e-01 1.000000000000000000e+00
2.395158447325229645e-02 3.077042102813720703e-01 -7.006350755691528320e-01 0.000000000000000000e+00
8.642674237489700317e-02 3.122004270553588867e-01 -6.984227895736694336e-01 1.000000000000000000e+00
1.454429924488067627e-01 3.185631930828094482e-01 -6.800631284713745117e-01 0.000000000000000000e+00
2.856757342815399170e-01 3.476707637310028076e-01 -5.356924533843994141e-01 1.000000000000000000e+00
1.195928230881690979e-01 3.900314569473266602e-01 -6.509569287300109863e-01 1.000000000000000000e+00
5.388762429356575012e-02 3.865666389465332031e-01 -6.680765748023986816e-01 1.000000000000000000e+00
-1.338125113397836685e-02 3.781285583972930908e-01 -6.706497669219970703e-01 1.000000000000000000e+00
