-7.049879431724548340e-01 -5.431476235389709473e-01
-7.139440774917602539e-01 -3.485735356807708740e-01
-6.995151638984680176e-01 -1.470770537853240967e-01
-6.769362688064575195e-01 5.132470279932022095e-02
-6.106190681457519531e-01 2.589575350284576416e-01
-5.114954710006713867e-01 4.467084705829620361e-01
-3.708606064319610596e-01 6.048606634140014648e-01
-1.938458234071731567e-01 7.321605682373046875e-01
-1.874546892940998077e-02 7.878327369689941406e-01
1.545307636260986328e-01 7.557767629623413086e-01
3.413963317871093750e-01 6.351100802421569824e-01
4.761943221092224121e-01 4.816690087318420410e-01
5.650272369384765625e-01 3.269847333431243896e-01
6.283902525901794434e-01 1.641570031642913818e-01
6.743119955062866211e-01 1.712984964251518250e-02
7.187029123306274414e-01 -1.647658050060272217e-01
7.387691140174865723e-01 -3.629335761070251465e-01
-5.071114301681518555e-01 -5.490690469741821289e-01
-3.818215131759643555e-01 -6.959093809127807617e-01
-2.107470184564590454e-01 -6.941512227058410645e-01
-4.392129927873611450e-02 -6.441956162452697754e-01
9.053069353103637695e-02 -5.711458921432495117e-01
2.993155121803283691e-01 -5.535087585449218750e-01
4.392579793930053711e-01 -6.018605232238769531e-01
5.858456492424011230e-01 -6.302806138992309570e-01
6.950209736824035645e-01 -6.153058409690856934e-01
7.213799953460693359e-01 -4.606178402900695801e-01
1.820851415395736694e-01 -3.981277644634246826e-01
1.817645281553268433e-01 -2.560271918773651123e-01
1.820731610059738159e-01 -1.374824196100234985e-01
1.824345886707305908e-01 -1.548841502517461777e-02
5.941732786595821381e-03 5.601399764418601990e-02
6.692882627248764038e-02 8.835358172655105591e-02
1.275314390659332275e-01 1.171043738722801208e-01
1.860305666923522949e-01 9.863054752349853516e-02
2.395527809858322144e-01 7.465454190969467163e-02
-3.328972756862640381e-01 -4.319041073322296143e-01
-2.193168550729751587e-01 -4.765101969242095947e-01
-1.177322492003440857e-01 -4.617753922939300537e-01
-3.929024562239646912e-02 -3.918763399124145508e-01
-1.267296373844146729e-01 -3.632765710353851318e-01
-2.243404090404510498e-01 -3.672159016132354736e-01
3.195852935314178467e-01 -3.606410026550292969e-01
4.234831333160400391e-01 -4.188042581081390381e-01
5.255987644195556641e-01 -4.205676913261413574e-01
5.905676484107971191e-01 -3.597799837589263916e-01
4.966673254966735840e-01 -3.090891838073730469e-01
4.039222598075866699e-01 -3.191779255867004395e-01
-1.862585246562957764e-01 3.086665868759155273e-01
-7.298979908227920532e-02 2.680124938488006592e-01
4.281523451209068298e-02 2.645553350448608398e-01
1.038645282387733459e-01 2.761498987674713135e-01
1.639979332685470581e-01 2.750525772571563721e-01
2.461722046136856079e-01 2.963488996028900146e-01
2.876261174678802490e-01 3.486548364162445068e-01
2.126734554767608643e-01 4.292325973510742188e-01
1.190811842679977417e-01 4.601724743843078613e-01
5.126276984810829163e-02 4.622048139572143555e-01
-1.810088381171226501e-02 4.473133087158203125e-01
-1.227726787328720093e-01 4.010381698608398438e-01
-1.828282922506332397e-01 3.094296753406524658e-01
2.395158447325229645e-02 3.077042102813720703e-01
8.642674237489700317e-02 3.122004270553588867e-01
1.454429924488067627e-01 3.185631930828094482e-01
2.856757342815399170e-01 3.476707637310028076e-01
1.195928230881690979e-01 3.900314569473266602e-01
5.388762429356575012e-02 3.865666389465332031e-01
-1.338125113397836685e-02 3.781285583972930908e-01
