-7.415336370468139648e-01 -5.701282620429992676e-01
-7.304471135139465332e-01 -3.212761282920837402e-01
-7.023704648017883301e-01 -1.338566541671752930e-01
-6.811566352844238281e-01 3.961329534649848938e-02
-6.393271684646606445e-01 2.318310439586639404e-01
-5.594503879547119141e-01 4.039046466350555420e-01
-4.282265603542327881e-01 5.464466214179992676e-01
-2.578705847263336182e-01 6.784448623657226562e-01
-9.042448550462722778e-02 7.333918213844299316e-01
9.026847034692764282e-02 7.121028304100036621e-01
2.910290658473968506e-01 6.193423867225646973e-01
4.564948081970214844e-01 4.937512278556823730e-01
5.724762678146362305e-01 3.296353816986083984e-01
6.519831418991088867e-01 1.317760646343231201e-01
7.091957926750183105e-01 -5.153707787394523621e-02
7.672812342643737793e-01 -2.424924075603485107e-01
8.191486597061157227e-01 -4.770644009113311768e-01
-6.461513638496398926e-01 -5.481037497520446777e-01
-5.491648912429809570e-01 -6.856061816215515137e-01
-4.001073539257049561e-01 -6.678169369697570801e-01
-2.347448766231536865e-01 -6.110739707946777344e-01
-9.265428036451339722e-02 -5.341197252273559570e-01
1.368613094091415405e-01 -5.199214816093444824e-01
2.885268330574035645e-01 -5.733849406242370605e-01
4.628547430038452148e-01 -6.118648648262023926e-01
6.152072548866271973e-01 -6.132563948631286621e-01
6.960141062736511230e-01 -4.629028737545013428e-01
9.595278650522232056e-03 -3.347721695899963379e-01
1.634291838854551315e-03 -1.705796569585800171e-01
-7.497469428926706314e-03 -4.564297199249267578e-02
-1.480910740792751312e-02 7.992696762084960938e-02
-1.470096260309219360e-01 1.260621696710586548e-01
-8.703075349330902100e-02 1.582876294851303101e-01
-2.355244383215904236e-02 1.859410852193832397e-01
4.371001943945884705e-02 1.664282828569412231e-01
1.075603663921356201e-01 1.404689997434616089e-01
-4.960869848728179932e-01 -3.878696262836456299e-01
-3.994741737842559814e-01 -4.134564697742462158e-01
-2.934300005435943604e-01 -3.983040452003479004e-01
-1.994300186634063721e-01 -3.361568748950958252e-01
-2.914449274539947510e-01 -3.087557554244995117e-01
-3.969176113605499268e-01 -3.144123852252960205e-01
2.118084281682968140e-01 -3.062175810337066650e-01
3.127953410148620605e-01 -3.563314080238342285e-01
4.216824769973754883e-01 -3.595903515815734863e-01
5.181963443756103516e-01 -3.204973936080932617e-01
4.056065678596496582e-01 -2.596881389617919922e-01
2.997071743011474609e-01 -2.678315043449401855e-01
-2.885748744010925293e-01 2.941350936889648438e-01
-2.074918597936630249e-01 2.959541976451873779e-01
-9.808649867773056030e-02 3.004979193210601807e-01
-3.106256760656833649e-02 3.141290843486785889e-01
3.837933763861656189e-02 3.080913722515106201e-01
1.452792882919311523e-01 3.181521296501159668e-01
2.183019071817398071e-01 3.384484648704528809e-01
1.326336115598678589e-01 3.914791345596313477e-01
2.414295077323913574e-02 4.160678684711456299e-01
-4.769066721200942993e-02 4.137328565120697021e-01
-1.190924942493438721e-01 3.994131088256835938e-01
-2.246467620134353638e-01 3.545373678207397461e-01
-2.830567955970764160e-01 2.921033203601837158e-01
-1.006092503666877747e-01 3.386486768722534180e-01
-3.273508325219154358e-02 3.442943394184112549e-01
3.537605330348014832e-02 3.464189767837524414e-01
2.160912454128265381e-01 3.375430405139923096e-01
3.436150029301643372e-02 3.424969315528869629e-01
-3.886508569121360779e-02 3.359782099723815918e-01
-1.117661744356155396e-01 3.261723816394805908e-01
