-7.588391304016113281e-01 -6.076343059539794922e-01 -1.689194589853286743e-01 1.000000000000000000e+00
-7.412933111190795898e-01 -4.128027856349945068e-01 -8.747462183237075806e-02 1.000000000000000000e+00
-7.086428403854370117e-01 -1.946691274642944336e-01 -6.804655306041240692e-03 1.000000000000000000e+00
-6.648226976394653320e-01 2.170636318624019623e-02 -1.947589591145515442e-02 0.000000000000000000e+00
-6.118168234825134277e-01 2.395246773958206177e-01 -1.110326871275901794e-01 0.000000000000000000e+00
-5.362301468849182129e-01 4.321748614311218262e-01 -2.778387367725372314e-01 1.000000000000000000e+00
-4.065358638763427734e-01 5.653252601623535156e-01 -4.003199934959411621e-01 1.000000000000000000e+00
-2.546708881855010986e-01 6.807314157485961914e-01 -5.552845001220703125e-01 1.000000000000000000e+00
-7.829523086547851562e-02 7.356846332550048828e-01 -5.659825801849365234e-01 1.000000000000000000e+00
8.739455789327621460e-02 7.132406234741210938e-01 -5.499042272567749023e-01 1.000000000000000000e+00
2.715966105461120605e-01 6.301614046096801758e-01 -3.984112441539764404e-01 1.000000000000000000e+00
4.297856092453002930e-01 5.134047865867614746e-01 -2.850863337516784668e-01 0.000000000000000000e+00
5.435197949409484863e-01 3.269614577293395996e-01 -1.267144829034805298e-01 0.000000000000000000e+00
6.323142647743225098e-01 1.147984713315963745e-01 -4.363502562046051025e-02 0.000000000000000000e+00
7.171174287796020508e-01 -8.888497948646545410e-02 -3.811145201325416565e-02 1.000000000000000000e+00
7.788759469985961914e-01 -3.037557005882263184e-01 -1.300828754901885986e-01 1.000000000000000000e+00
8.328043222427368164e-01 -4.982787668704986572e-01 -2.061461657285690308e-01 1.000000000000000000e+00
-6.461513638496398926e-01 -5.481037497520446777e-01 -6.862559318542480469e-01 1.000000000000000000e+00
-5.491648912429809570e-01 -6.856061816215515137e-01 -9.084874987602233887e-01 1.000000000000000000e+00
-4.001073539257049561e-01 -6.678169369697570801e-01 -1.068241596221923828e+00 1.000000000000000000e+00
-2.347448766231536865e-01 -6.110739707946777344e-01 -1.139285206794738770e+00 1.000000000000000000e+00
-9.265428036451339722e-02 -5.341197252273559570e-01 -1.143822908401489258e+00 1.000000000000000000e+00
1.368613094091415405e-01 -5.199214816093444824e-01 -1.148731350898742676e+00 1.000000000000000000e+00
2.885268330574035645e-01 -5.733849406242370605e-01 -1.152770042419433594e+00 1.000000000000000000e+00
4.628547430038452148e-01 -6.118648648262023926e-01 -1.085224628448486328e+00 1.000000000000000000e+00
6.152072548866271973e-01 -6.132563948631286621e-01 -9.265373349189758301e-01 1.000000000000000000e+00
6.960141062736511230e-01 -4.629028737545013428e-01 -7.085704207420349121e-01 1.000000000000000000e+00
9.595278650522232056e-03 -3.347721695899963379e-01 -1.094369888305664062e+00 1.000000000000000000e+00
1.634291838854551315e-03 -1.705796569585800171e-01 -1.130270838737487793e+00 1.000000000000000000e+00
-7.497469428926706314e-03 -4.564297199249267578e-02 -1.170868635177612305e+00 1.000000000000000000e+00
-1.480910740792751312e-02 7.992696762084960938e-02 -1.204486370086669922e+00 1.000000000000000000e+00
-1.470096260309219360e-01 1.260621696710586548e-01 -9.431344270706176758e-01 1.000000000000000000e+00
-8.703075349330902100e-02 1.582876294851303101e-01 -9.682927727699279785e-01 1.000000000000000000e+00
-2.355244383215904236e-02 1.859410852193832397e-01 -9.832399487495422363e-01 1.000000000000000000e+00
4.371001943945884705e-02 1.664282828569412231e-01 -9.720119237899780273e-01 1.000000000000000000e+00
1.075603663921356201e-01 1.404689997434616089e-01 -9.485571980476379395e-01 1.000000000000000000e+00
-4.960869848728179932e-01 -3.878696262836456299e-01 -8.525246977806091309e-01 1.000000000000000000e+00
-3.994741737842559814e-01 -4.134564697742462158e-01 -9.746273159980773926e-01 1.000000000000000000e+00
-2.934300005435943604e-01 -3.983040452003479004e-01 -9.826607704162597656e-01 1.000000000000000000e+00
-1.994300186634063721e-01 -3.361568748950958252e-01 -9.312775731086730957e-01 1.000000000000000000e+00
-2.914449274539947510e-01 -3.087557554244995117e-01 -9.335777163505554199e-01 1.000000000000000000e+00
-3.969176113605499268e-01 -3.144123852252960205e-01 -9.196991920471191406e-01 1.000000000000000000e+00
2.118084281682968140e-01 -3.062175810337066650e-01 -9.456310868263244629e-01 1.000000000000000000e+00
3.127953410148620605e-01 -3.563314080238342285e-01 -1.001311898231506348e+00 1.000000000000000000e+00
4.216824769973754883e-01 -3.595903515815734863e-01 -9.974074959754943848e-01 1.000000000000000000e+00
5.181963443756103516e-01 -3.204973936080932617e-01 -8.762819170951843262e-01 1.000000000000000000e+00
4.056065678596496582e-01 -2.596881389617919922e-01 -9.412103891372680664e-01 1.000000000000000000e+00
2.997071743011474609e-01 -2.678315043449401855e-01 -9.528295397758483887e-01 1.000000000000000000e+00
-2.885748744010925293e-01 2.941350936889648438e-01 -7.533259391784667969e-01 1.000000000000000000e+00
-2.074918597936630249e-01 2.959541976451873779e-01 -8.601520657539367676e-01 1.000000000000000000e+00
-9.808649867773056030e-02 3.004979193210601807e-01 -9.222353100776672363e-01 1.000000000000000000e+00
-3.106256760656833649e-02 3.141290843486785889e-01 -9.281835556030273438e-01 1.000000000000000000e+00
3.837933763861656189e-02 3.080913722515106201e-01 -9.266765117645263672e-01 1.000000000000000000e+00
1.452792882919311523e-01 3.181521296501159668e-01 -8.677459359169006348e-01 1.000000000000000000e+00
2.183019071817398071e-01 3.384484648704528809e-01 -7.561415433883666992e-01 1.000000000000000000e+00
1.326336115598678589e-01 3.914791345596313477e-01 -8.212491869926452637e-01 1.000000000000000000e+00
2.414295077323913574e-02 4.160678684711456299e-01 -8.806275129318237305e-01 1.000000000000000000e+00
-4.769066721200942993e-02 4.137328565120697021e-01 -8.877252936363220215e-01 1.000000000000000000e+00
-1.190924942493438721e-01 3.994131088256835938e-01 -8.811729550361633301e-01 1.000000000000000000e+00
-2.246467620134353638e-01 3.545373678207397461e-01 -8.273059129714965820e-01 1.000000000000000000e+00
-2.830567955970764160e-01 2.921033203601837158e-01 -7.514479160308837891e-01 1.000000000000000000e+00
-1.006092503666877747e-01 3.386486768722534180e-01 -8.479005694389343262e-01 0.000000000000000000e+00
-3.273508325219154358e-02 3.442943394184112549e-01 -8.525351285934448242e-01 0.000000000000000000e+00
3.537605330348014832e-02 3.464189767837524414e-01 -8.514158129692077637e-01 0.000000000000000000e+00
2.160912454128265381e-01 3.375430405139923096e-01 -7.560669183731079102e-01 1.000000000000000000e+00
3.436150029301643372e-02 3.424969315528869629e-01 -8.737277984619140625e-01 1.000000000000000000e+00
-3.886508569121360779e-02 3.359782099723815918e-01 -8.849480748176574707e-01 1.000000000000000000e+00
-1.117661744356155396e-01 3.261723816394805908e-01 -8.736501336097717285e-01 1.000000000000000000e+00
