-7.403776049613952637e-01 -4.808157682418823242e-01
-7.005835175514221191e-01 -2.678174078464508057e-01
-6.655598282814025879e-01 -8.462003618478775024e-02
-6.186742782592773438e-01 1.031857207417488098e-01
-5.301420092582702637e-01 2.865813076496124268e-01
-4.102934598922729492e-01 4.605661630630493164e-01
-2.475900202989578247e-01 6.230446100234985352e-01
-3.226275369524955750e-02 7.424505949020385742e-01
1.687253862619400024e-01 7.566894292831420898e-01
3.542180359363555908e-01 7.007042765617370605e-01
5.203415155410766602e-01 5.400981307029724121e-01
6.297985315322875977e-01 3.540166020393371582e-01
7.056295871734619141e-01 1.651967912912368774e-01
7.469764947891235352e-01 -2.497142367064952850e-02
7.562311291694641113e-01 -2.130678147077560425e-01
7.536827325820922852e-01 -3.987169563770294189e-01
7.558925747871398926e-01 -6.115573644638061523e-01
-6.071863174438476562e-01 -5.178565382957458496e-01
-5.394230484962463379e-01 -6.572055816650390625e-01
-3.918797969818115234e-01 -6.816732883453369141e-01
-2.296767532825469971e-01 -6.728595495223999023e-01
-9.159469604492187500e-02 -6.439737081527709961e-01
1.096172556281089783e-01 -6.595960259437561035e-01
2.386458814144134521e-01 -7.076734304428100586e-01
3.937835097312927246e-01 -7.461406588554382324e-01
5.374043583869934082e-01 -7.498749494552612305e-01
6.280356049537658691e-01 -6.296375393867492676e-01
2.253817394375801086e-02 -5.209026932716369629e-01
3.598430007696151733e-02 -3.821414411067962646e-01
4.669972881674766541e-02 -2.492483556270599365e-01
5.960972234606742859e-02 -1.112941130995750427e-01
-7.183864712715148926e-02 -1.617059670388698578e-02
-2.459558425471186638e-03 1.238719467073678970e-02
6.907344609498977661e-02 3.329320251941680908e-02
1.346313506364822388e-01 2.286669914610683918e-04
1.977592706680297852e-01 -3.967979177832603455e-02
-4.360646307468414307e-01 -4.626132249832153320e-01
-3.479813337326049805e-01 -5.111651420593261719e-01
-2.474476397037506104e-01 -5.174611806869506836e-01
-1.512535512447357178e-01 -4.792389571666717529e-01
-2.364078164100646973e-01 -4.353039860725402832e-01
-3.318900167942047119e-01 -4.232578873634338379e-01
1.987648606300354004e-01 -5.140568614006042480e-01
2.884070277214050293e-01 -5.554326176643371582e-01
3.865296542644500732e-01 -5.628898739814758301e-01
4.784260392189025879e-01 -5.424002408981323242e-01
3.844434916973114014e-01 -4.900746047496795654e-01
2.892994880676269531e-01 -4.863850772380828857e-01
-1.649009585380554199e-01 2.641965448856353760e-01
-8.873327821493148804e-02 2.201363891363143921e-01
2.151080965995788574e-02 2.067648619413375854e-01
8.741359412670135498e-02 2.087669074535369873e-01
1.535755246877670288e-01 1.947723925113677979e-01
2.690781652927398682e-01 1.867002993822097778e-01
3.786092102527618408e-01 2.049207389354705811e-01
3.204307258129119873e-01 2.961623668670654297e-01
2.165120989084243774e-01 3.404153883457183838e-01
1.416671425104141235e-01 3.572659492492675781e-01
6.399524956941604614e-02 3.583582341670989990e-01
-5.813699215650558472e-02 3.417001366615295410e-01
-1.569416075944900513e-01 2.618204057216644287e-01
2.147308923304080963e-02 2.521536648273468018e-01
9.268893301486968994e-02 2.444198876619338989e-01
1.660378873348236084e-01 2.397218644618988037e-01
3.756676316261291504e-01 2.043734937906265259e-01
2.089023143053054810e-01 2.654380202293395996e-01
1.354757398366928101e-01 2.739777863025665283e-01
5.430073291063308716e-02 2.829351425170898438e-01
