-7.519774436950683594e-01 -4.976290166378021240e-01 -5.474705621600151062e-02 1.000000000000000000e+00
-7.285544276237487793e-01 -3.024764657020568848e-01 1.475606858730316162e-02 1.000000000000000000e+00
-6.845095157623291016e-01 -7.990289479494094849e-02 7.499209791421890259e-02 1.000000000000000000e+00
-6.225429177284240723e-01 1.150336638092994690e-01 4.250742495059967041e-02 0.000000000000000000e+00
-5.280001759529113770e-01 3.120189309120178223e-01 -5.882351100444793701e-02 1.000000000000000000e+00
-3.906073272228240967e-01 4.933869540691375732e-01 -2.216215878725051880e-01 1.000000000000000000e+00
-2.273695170879364014e-01 6.418454051017761230e-01 -3.343968987464904785e-01 1.000000000000000000e+00
-3.024572879076004028e-02 7.450470924377441406e-01 -4.618445038795471191e-01 1.000000000000000000e+00
1.820061355829238892e-01 7.614269852638244629e-01 -4.668534398078918457e-01 1.000000000000000000e+00
3.516288697719573975e-01 7.036246061325073242e-01 -4.477111399173736572e-01 1.000000000000000000e+00
5.039849281311035156e-01 5.644446611404418945e-01 -3.116602301597595215e-01 1.000000000000000000e+00
6.149379014968872070e-01 3.918428122997283936e-01 -1.992294341325759888e-01 1.000000000000000000e+00
6.956712603569030762e-01 1.926455646753311157e-01 -4.232157021760940552e-02 1.000000000000000000e+00
7.399083971977233887e-01 -1.680995337665081024e-02 5.640656873583793640e-02 0.000000000000000000e+00
7.662888765335083008e-01 -2.100272029638290405e-01 8.180011063814163208e-02 1.000000000000000000e+00
7.687211632728576660e-01 -4.339237809181213379e-01 1.065265852957963943e-02 1.000000000000000000e+00
7.661017775535583496e-01 -6.307167410850524902e-01 -6.058986112475395203e-02 1.000000000000000000e+00
-6.071863174438476562e-01 -5.178565382957458496e-01 -5.335248112678527832e-01 1.000000000000000000e+00
-5.394230484962463379e-01 -6.572055816650390625e-01 -7.258932590484619141e-01 1.000000000000000000e+00
-3.918797969818115234e-01 -6.816732883453369141e-01 -8.672863245010375977e-01 1.000000000000000000e+00
-2.296767532825469971e-01 -6.728595495223999023e-01 -9.250172972679138184e-01 1.000000000000000000e+00
-9.159469604492187500e-02 -6.439737081527709961e-01 -9.384943842887878418e-01 1.000000000000000000e+00
1.096172556281089783e-01 -6.595960259437561035e-01 -9.405288100242614746e-01 1.000000000000000000e+00
2.386458814144134521e-01 -7.076734304428100586e-01 -9.293985962867736816e-01 1.000000000000000000e+00
3.937835097312927246e-01 -7.461406588554382324e-01 -8.724460601806640625e-01 1.000000000000000000e+00
5.374043583869934082e-01 -7.498749494552612305e-01 -7.273882627487182617e-01 1.000000000000000000e+00
6.280356049537658691e-01 -6.296375393867492676e-01 -5.341427326202392578e-01 1.000000000000000000e+00
2.253817394375801086e-02 -5.209026932716369629e-01 -9.754518866539001465e-01 1.000000000000000000e+00
3.598430007696151733e-02 -3.821414411067962646e-01 -1.057976841926574707e+00 1.000000000000000000e+00
4.669972881674766541e-02 -2.492483556270599365e-01 -1.123816847801208496e+00 1.000000000000000000e+00
5.960972234606742859e-02 -1.112941130995750427e-01 -1.173967123031616211e+00 1.000000000000000000e+00
-7.183864712715148926e-02 -1.617059670388698578e-02 -8.963230848312377930e-01 1.000000000000000000e+00
-2.459558425471186638e-03 1.238719467073678970e-02 -9.299807548522949219e-01 1.000000000000000000e+00
6.907344609498977661e-02 3.329320251941680908e-02 -9.462580680847167969e-01 1.000000000000000000e+00
1.346313506364822388e-01 2.286669914610683918e-04 -9.295342564582824707e-01 1.000000000000000000e+00
1.977592706680297852e-01 -3.967979177832603455e-02 -8.933863639831542969e-01 1.000000000000000000e+00
-4.360646307468414307e-01 -4.626132249832153320e-01 -6.711966991424560547e-01 1.000000000000000000e+00
-3.479813337326049805e-01 -5.111651420593261719e-01 -7.722327709197998047e-01 1.000000000000000000e+00
-2.474476397037506104e-01 -5.174611806869506836e-01 -7.784242630004882812e-01 1.000000000000000000e+00
-1.512535512447357178e-01 -4.792389571666717529e-01 -7.424337863922119141e-01 1.000000000000000000e+00
-2.364078164100646973e-01 -4.353039860725402832e-01 -7.507997155189514160e-01 1.000000000000000000e+00
-3.318900167942047119e-01 -4.232578873634338379e-01 -7.398545742034912109e-01 1.000000000000000000e+00
1.987648606300354004e-01 -5.140568614006042480e-01 -7.370682954788208008e-01 1.000000000000000000e+00
2.884070277214050293e-01 -5.554326176643371582e-01 -7.723503112792968750e-01 1.000000000000000000e+00
3.865296542644500732e-01 -5.628898739814758301e-01 -7.680580615997314453e-01 1.000000000000000000e+00
4.784260392189025879e-01 -5.424002408981323242e-01 -6.681208610534667969e-01 1.000000000000000000e+00
3.844434916973114014e-01 -4.900746047496795654e-01 -7.364665865898132324e-01 1.000000000000000000e+00
2.892994880676269531e-01 -4.863850772380828857e-01 -7.464464306831359863e-01 1.000000000000000000e+00
-1.649009585380554199e-01 2.641965448856353760e-01 -6.539883613586425781e-01 1.000000000000000000e+00
-8.873327821493148804e-02 2.201363891363143921e-01 -7.799413800239562988e-01 1.000000000000000000e+00
2.151080965995788574e-02 2.067648619413375854e-01 -8.523992896080017090e-01 1.000000000000000000e+00
8.741359412670135498e-02 2.087669074535369873e-01 -8.573260307312011719e-01 1.000000000000000000e+00
1.535755246877670288e-01 1.947723925113677979e-01 -8.497816920280456543e-01 1.000000000000000000e+00
2.690781652927398682e-01 1.867002993822097778e-01 -7.722849249839782715e-01 1.000000000000000000e+00
3.786092102527618408e-01 2.049207389354705811e-01 -6.356096267700195312e-01 1.000000000000000000e+00
3.204307258129119873e-01 2.961623668670654297e-01 -6.986861824989318848e-01 1.000000000000000000e+00
2.165120989084243774e-01 3.404153883457183838e-01 -7.662804126739501953e-01 1.000000000000000000e+00
1.416671425104141235e-01 3.572659492492675781e-01 -7.773667573928833008e-01 1.000000000000000000e+00
6.399524956941604614e-02 3.583582341670989990e-01 -7.734696269035339355e-01 1.000000000000000000e+00
-5.813699215650558472e-02 3.417001366615295410e-01 -7.144371271133422852e-01 1.000000000000000000e+00
-1.569416075944900513e-01 2.618204057216644287e-01 -6.488748192787170410e-01 1.000000000000000000e+00
2.147308923304080963e-02 2.521536648273468018e-01 -7.727962136268615723e-01 0.000000000000000000e+00
9.268893301486968994e-02 2.444198876619338989e-01 -7.795629501342773438e-01 0.000000000000000000e+00
1.660378873348236084e-01 2.397218644618988037e-01 -7.725812196731567383e-01 0.000000000000000000e+00
3.756676316261291504e-01 2.043734937906265259e-01 -6.358028650283813477e-01 1.000000000000000000e+00
2.089023143053054810e-01 2.654380202293395996e-01 -7.482162714004516602e-01 1.000000000000000000e+00
1.354757398366928101e-01 2.739777863025665283e-01 -7.606940269470214844e-01 1.000000000000000000e+00
5.430073291063308716e-02 2.829351425170898438e-01 -7.546465396881103516e-01 1.000000000000000000e+00
